Time: 50.0
26.820 	-23.180 	0.000 	0.000 	0.000 	0.000 	
-23.180 	114.560 	-69.540 	0.000 	0.000 	0.000 	
0.000 	-69.540 	229.120 	-115.900 	0.000 	0.000 	
0.000 	0.000 	-115.900 	343.680 	-162.260 	0.000 	
0.000 	0.000 	0.000 	-162.260 	458.240 	-208.620 	
0.000 	0.000 	0.000 	0.000 	-208.620 	289.580 	

-363.9999999934595	-2184.0	-4368.000000000001	-6552.000000000001	-8736.0	-11096.000000006541	

102.58106689001761	102.98637678990899	104.05939307652103	106.23309318138031	110.30263655249243	117.78208452785967	

Time: 100.0
26.820 	-23.180 	0.000 	0.000 	0.000 	0.000 	
-23.180 	114.560 	-69.540 	0.000 	0.000 	0.000 	
0.000 	-69.540 	229.120 	-115.900 	0.000 	0.000 	
0.000 	0.000 	-115.900 	343.680 	-162.260 	0.000 	
0.000 	0.000 	0.000 	-162.260 	458.240 	-208.620 	
0.000 	0.000 	0.000 	0.000 	-208.620 	289.580 	

-374.1327474907438	-2254.34347399862	-4559.236291611507	-6992.457576837212	-9706.705704513019	-11879.661669713121	

107.7732315465605	108.55674385595057	110.49372440163415	113.9607409451918	119.35996063759548	127.01338717424451	

Time: 150.0
26.820 	-23.180 	0.000 	0.000 	0.000 	0.000 	
-23.180 	114.560 	-69.540 	0.000 	0.000 	0.000 	
0.000 	-69.540 	229.120 	-115.900 	0.000 	0.000 	
0.000 	0.000 	-115.900 	343.680 	-162.260 	0.000 	
0.000 	0.000 	0.000 	-162.260 	458.240 	-208.620 	
0.000 	0.000 	0.000 	0.000 	-208.620 	289.580 	

-393.72055522549556	-2380.0292071901385	-4847.339818629946	-7503.943955063147	-10483.863229088412	-12347.23908373975	

114.28154788442849	115.24204309867864	117.53024115952316	121.37409282793341	126.88370095927304	134.04833475327166	

Time: 200.0
26.820 	-23.180 	0.000 	0.000 	0.000 	0.000 	
-23.180 	114.560 	-69.540 	0.000 	0.000 	0.000 	
0.000 	-69.540 	229.120 	-115.900 	0.000 	0.000 	
0.000 	0.000 	-115.900 	343.680 	-162.260 	0.000 	
0.000 	0.000 	0.000 	-162.260 	458.240 	-208.620 	
0.000 	0.000 	0.000 	0.000 	-208.620 	289.580 	

-417.73293558174896	-2527.6316813972244	-5156.206422617891	-7987.6439194962995	-11131.724409753679	-12713.746437491904	

121.08629006931156	122.0794376216236	124.4033432374049	128.19399040317705	133.438427345321	140.0361597840378	

Time: 250.0
26.820 	-23.180 	0.000 	0.000 	0.000 	0.000 	
-23.180 	114.560 	-69.540 	0.000 	0.000 	0.000 	
0.000 	-69.540 	229.120 	-115.900 	0.000 	0.000 	
0.000 	0.000 	-115.900 	343.680 	-162.260 	0.000 	
0.000 	0.000 	0.000 	-162.260 	458.240 	-208.620 	
0.000 	0.000 	0.000 	0.000 	-208.620 	289.580 	

-442.5616243895498	-2677.0959137730224	-5455.744397155815	-8431.58948864997	-11698.43774358977	-13028.171845259489	

127.67555701025056	128.63230434068112	130.85276761572635	134.4275347291465	139.29884062861996	145.3439325132637	

Time: 300.0
26.820 	-23.180 	0.000 	0.000 	0.000 	0.000 	
-23.180 	114.560 	-69.540 	0.000 	0.000 	0.000 	
0.000 	-69.540 	229.120 	-115.900 	0.000 	0.000 	
0.000 	0.000 	-115.900 	343.680 	-162.260 	0.000 	
0.000 	0.000 	0.000 	-162.260 	458.240 	-208.620 	
0.000 	0.000 	0.000 	0.000 	-208.620 	289.580 	

-466.48030765031365	-2819.711976140653	-5736.055540704938	-8837.222131880317	-12206.104885226749	-13307.70819581674	

133.8482875627703	134.7424833811218	136.81023316501967	140.12004130923918	144.60081129947457	150.12890893397915	

Time: 350.0
26.820 	-23.180 	0.000 	0.000 	0.000 	0.000 	
-23.180 	114.560 	-69.540 	0.000 	0.000 	0.000 	
0.000 	-69.540 	229.120 	-115.900 	0.000 	0.000 	
0.000 	0.000 	-115.900 	343.680 	-162.260 	0.000 	
0.000 	0.000 	0.000 	-162.260 	458.240 	-208.620 	
0.000 	0.000 	0.000 	0.000 	-208.620 	289.580 	

-488.8352031091	-2952.4383144742096	-5994.700324940037	-9207.63086214407	-12665.792104699085	-13560.018960033842	

139.54822590914898	140.3730895498327	142.27746545557076	145.31810106078223	149.42275276793094	154.47404393420817	

Time: 400.0
26.820 	-23.180 	0.000 	0.000 	0.000 	0.000 	
-23.180 	114.560 	-69.540 	0.000 	0.000 	0.000 	
0.000 	-69.540 	229.120 	-115.900 	0.000 	0.000 	
0.000 	0.000 	-115.900 	343.680 	-162.260 	0.000 	
0.000 	0.000 	0.000 	-162.260 	458.240 	-208.620 	
0.000 	0.000 	0.000 	0.000 	-208.620 	289.580 	

-509.4567941261925	-3074.644916387472	-6231.951582661117	-9545.865460243662	-13084.01856836045	-13789.257129595218	

144.77871554253875	145.53530443119942	147.280830212461	150.0647727823301	153.8182388016942	158.43227470264844	

Time: 450.0
26.820 	-23.180 	0.000 	0.000 	0.000 	0.000 	
-23.180 	114.560 	-69.540 	0.000 	0.000 	0.000 	
0.000 	-69.540 	229.120 	-115.900 	0.000 	0.000 	
0.000 	0.000 	-115.900 	343.680 	-162.260 	0.000 	
0.000 	0.000 	0.000 	-162.260 	458.240 	-208.620 	
0.000 	0.000 	0.000 	0.000 	-208.620 	289.580 	

-528.3715163427094	-3186.644627765575	-6449.029970300135	-9854.729192398758	-13465.32009268644	-13998.130810801056	

149.56532168500553	150.2575673528617	151.8541577727883	154.39933930011094	157.82903274002732	162.04304033777785	

Time: 500.0
26.820 	-23.180 	0.000 	0.000 	0.000 	0.000 	
-23.180 	114.560 	-69.540 	0.000 	0.000 	0.000 	
0.000 	-69.540 	229.120 	-115.900 	0.000 	0.000 	
0.000 	0.000 	-115.900 	343.680 	-162.260 	0.000 	
0.000 	0.000 	0.000 	-162.260 	458.240 	-208.620 	
0.000 	0.000 	0.000 	0.000 	-208.620 	289.580 	

-545.6776580391133	-3289.0827675636674	-6647.433379720973	-10136.7778534688	-13813.275450194953	-14188.687891173846	

153.9404898056892	154.57317853923132	156.0322118520948	158.3576200536032	161.4904206390695	165.33883363797423	

Time: 550.0
26.820 	-23.180 	0.000 	0.000 	0.000 	0.000 	
-23.180 	114.560 	-69.540 	0.000 	0.000 	0.000 	
0.000 	-69.540 	229.120 	-115.900 	0.000 	0.000 	
0.000 	0.000 	-115.900 	343.680 	-162.260 	0.000 	
0.000 	0.000 	0.000 	-162.260 	458.240 	-208.620 	
0.000 	0.000 	0.000 	0.000 	-208.620 	289.580 	

-561.4948763776662	-3382.693047689878	-6828.681906444757	-10394.34193073686	-14130.928272491918	-14362.629957281055	

157.93750053563863	158.51548265650618	159.84827988241665	161.9722978108791	164.83348787460662	168.34792526303417	

Time: 600.0
26.820 	-23.180 	0.000 	0.000 	0.000 	0.000 	
-23.180 	114.560 	-69.540 	0.000 	0.000 	0.000 	
0.000 	-69.540 	229.120 	-115.900 	0.000 	0.000 	
0.000 	0.000 	-115.900 	343.680 	-162.260 	0.000 	
0.000 	0.000 	0.000 	-162.260 	458.240 	-208.620 	
0.000 	0.000 	0.000 	0.000 	-208.620 	289.580 	

-575.9444293993547	-3468.203286611476	-6994.224355559281	-10629.547950831373	-14420.968423735812	-14521.443786993825	

161.58820670281554	162.11610329420068	163.3333746822086	165.27320645858018	167.88616738065573	171.09557298823844	

Time: 650.0
26.820 	-23.180 	0.000 	0.000 	0.000 	0.000 	
-23.180 	114.560 	-69.540 	0.000 	0.000 	0.000 	
0.000 	-69.540 	229.120 	-115.900 	0.000 	0.000 	
0.000 	0.000 	-115.900 	343.680 	-162.260 	0.000 	
0.000 	0.000 	0.000 	-162.260 	458.240 	-208.620 	
0.000 	0.000 	0.000 	0.000 	-208.620 	289.580 	

-589.1418441839835	-3546.301225927444	-7145.407973505134	-10844.337140148156	-14685.816524078704	-14666.460335640564	

164.92228012786558	165.40438778406252	166.5160624856304	168.28758530369817	170.67378611451994	173.60461908570858	

Time: 700.0
26.820 	-23.180 	0.000 	0.000 	0.000 	0.000 	
-23.180 	114.560 	-69.540 	0.000 	0.000 	0.000 	
0.000 	-69.540 	229.120 	-115.900 	0.000 	0.000 	
0.000 	0.000 	-115.900 	343.680 	-162.260 	0.000 	
0.000 	0.000 	0.000 	-162.260 	458.240 	-208.620 	
0.000 	0.000 	0.000 	0.000 	-208.620 	289.580 	

-601.1945355889065	-3617.624137140115	-7283.472723146013	-11040.481929783504	-14927.668800702348	-14798.884344551858	

167.9670502830484	168.40732325243533	169.42252788463801	171.04030722008395	173.21940018356446	175.89583400384964	

Time: 750.0
26.820 	-23.180 	0.000 	0.000 	0.000 	0.000 	
-23.180 	114.560 	-69.540 	0.000 	0.000 	0.000 	
0.000 	-69.540 	229.120 	-115.900 	0.000 	0.000 	
0.000 	0.000 	-115.900 	343.680 	-162.260 	0.000 	
0.000 	0.000 	0.000 	-162.260 	458.240 	-208.620 	
0.000 	0.000 	0.000 	0.000 	-208.620 	289.580 	

-612.2013598235801	-3682.7576603206458	-7409.554792661556	-11219.600781461852	-15148.525141657436	-14919.8117148722	

170.74756752344263	171.14962903986066	172.07672170394466	173.55408525206371	175.54403545223718	177.98814970269203	

Time: 800.0
26.820 	-23.180 	0.000 	0.000 	0.000 	0.000 	
-23.180 	114.560 	-69.540 	0.000 	0.000 	0.000 	
0.000 	-69.540 	229.120 	-115.900 	0.000 	0.000 	
0.000 	0.000 	-115.900 	343.680 	-162.260 	0.000 	
0.000 	0.000 	0.000 	-162.260 	458.240 	-208.620 	
0.000 	0.000 	0.000 	0.000 	-208.620 	289.580 	

-622.252897734031	-3742.238072216497	-7524.693286370137	-11383.17162297733	-15350.209562979418	-15030.241517439097	

173.28674496788972	173.65390864078626	174.5005313965519	175.84966057228146	177.6668811391828	179.89884059908485	

Time: 850.0
26.820 	-23.180 	0.000 	0.000 	0.000 	0.000 	
-23.180 	114.560 	-69.540 	0.000 	0.000 	0.000 	
0.000 	-69.540 	229.120 	-115.900 	0.000 	0.000 	
0.000 	0.000 	-115.900 	343.680 	-162.260 	0.000 	
0.000 	0.000 	0.000 	-162.260 	458.240 	-208.620 	
0.000 	0.000 	0.000 	0.000 	-208.620 	289.580 	

-631.4319895564444	-3796.5556870765104	-7629.83772665391	-11532.544075218873	-15534.386842249642	-15131.085420988595	

175.60552167167012	175.94081542995048	176.71395076544775	177.94597383715785	179.6054561778625	181.6436759748663	

Time: 900.0
26.820 	-23.180 	0.000 	0.000 	0.000 	0.000 	
-23.180 	114.560 	-69.540 	0.000 	0.000 	0.000 	
0.000 	-69.540 	229.120 	-115.900 	0.000 	0.000 	
0.000 	0.000 	-115.900 	343.680 	-162.260 	0.000 	
0.000 	0.000 	0.000 	-162.260 	458.240 	-208.620 	
0.000 	0.000 	0.000 	0.000 	-208.620 	289.580 	

-639.814333513453	-3846.1584932817987	-7725.855460455379	-11668.95060087842	-15702.576886952194	-15223.175687416748	

177.72302505712852	178.02921477597502	178.7352405900144	179.860321553126	181.37575697101622	183.2370540323835	

Time: 950.0
26.820 	-23.180 	0.000 	0.000 	0.000 	0.000 	
-23.180 	114.560 	-69.540 	0.000 	0.000 	0.000 	
0.000 	-69.540 	229.120 	-115.900 	0.000 	0.000 	
0.000 	0.000 	-115.900 	343.680 	-162.260 	0.000 	
0.000 	0.000 	0.000 	-162.260 	458.240 	-208.620 	
0.000 	0.000 	0.000 	0.000 	-208.620 	289.580 	

-647.4690764846143	-3891.4556863635908	-7813.538644791376	-11793.51667862026	-15856.167527629052	-15307.272227637603	

179.65672460481693	179.9363363850223	180.58107756061045	181.60849882382345	182.99239065620904	184.69212226784774	

Time: 1000.0
26.820 	-23.180 	0.000 	0.000 	0.000 	0.000 	
-23.180 	114.560 	-69.540 	0.000 	0.000 	0.000 	
0.000 	-69.540 	229.120 	-115.900 	0.000 	0.000 	
0.000 	0.000 	-115.900 	343.680 	-162.260 	0.000 	
0.000 	0.000 	0.000 	-162.260 	458.240 	-208.620 	
0.000 	0.000 	0.000 	0.000 	-208.620 	289.580 	

-654.4593709897476	-3932.82098002757	-7893.6107145238875	-11907.270091386119	-15996.42606958029	-15384.068946983462	

181.4225743442504	181.67791513853203	182.26669118410823	183.20492968805334	184.46869613931815	186.0208865790296	

