Time: 50.0
26.820 	-23.180 	0.000 	0.000 	0.000 	0.000 	0.000 	0.000 	0.000 	
-23.180 	114.560 	-69.540 	0.000 	0.000 	0.000 	0.000 	0.000 	0.000 	
0.000 	-69.540 	229.120 	-115.900 	0.000 	0.000 	0.000 	0.000 	0.000 	
0.000 	0.000 	-115.900 	343.680 	-162.260 	0.000 	0.000 	0.000 	0.000 	
0.000 	0.000 	0.000 	-162.260 	458.240 	-208.620 	0.000 	0.000 	0.000 	
0.000 	0.000 	0.000 	0.000 	-208.620 	572.800 	-254.980 	0.000 	0.000 	
0.000 	0.000 	0.000 	0.000 	0.000 	-254.980 	687.360 	-301.340 	0.000 	
0.000 	0.000 	0.000 	0.000 	0.000 	0.000 	-301.340 	801.920 	-347.700 	
0.000 	0.000 	0.000 	0.000 	0.000 	0.000 	0.000 	-347.700 	479.420 	

-363.9999999934595	-2184.0	-4368.000000000001	-6552.000000000001	-8736.0	-10920.000000000002	-13104.000000000002	-15288.000000000004	-65972.00000000655	

104.5436374827326	105.2571336189201	107.14604127888384	110.972561742517	118.13647131421538	131.30308094469856	155.48189708819083	200.06762196604961	282.7072549279191	

Time: 100.0
26.820 	-23.180 	0.000 	0.000 	0.000 	0.000 	0.000 	0.000 	0.000 	
-23.180 	114.560 	-69.540 	0.000 	0.000 	0.000 	0.000 	0.000 	0.000 	
0.000 	-69.540 	229.120 	-115.900 	0.000 	0.000 	0.000 	0.000 	0.000 	
0.000 	0.000 	-115.900 	343.680 	-162.260 	0.000 	0.000 	0.000 	0.000 	
0.000 	0.000 	0.000 	-162.260 	458.240 	-208.620 	0.000 	0.000 	0.000 	
0.000 	0.000 	0.000 	0.000 	-208.620 	572.800 	-254.980 	0.000 	0.000 	
0.000 	0.000 	0.000 	0.000 	0.000 	-254.980 	687.360 	-301.340 	0.000 	
0.000 	0.000 	0.000 	0.000 	0.000 	0.000 	-301.340 	801.920 	-347.700 	
0.000 	0.000 	0.000 	0.000 	0.000 	0.000 	0.000 	-347.700 	479.420 	

-381.8374033981469	-2307.830671092594	-4704.646983456866	-7327.369117093077	-10444.802991811499	-14606.687272601666	-20945.186145843698	-31787.501775396988	-79012.18940276539	

118.34041413457896	120.45092768263382	125.79661783994736	135.82154085401558	152.66824871171505	179.6351839654307	221.34558026728362	283.38598493117246	370.333937598071	

Time: 150.0
26.820 	-23.180 	0.000 	0.000 	0.000 	0.000 	0.000 	0.000 	0.000 	
-23.180 	114.560 	-69.540 	0.000 	0.000 	0.000 	0.000 	0.000 	0.000 	
0.000 	-69.540 	229.120 	-115.900 	0.000 	0.000 	0.000 	0.000 	0.000 	
0.000 	0.000 	-115.900 	343.680 	-162.260 	0.000 	0.000 	0.000 	0.000 	
0.000 	0.000 	0.000 	-162.260 	458.240 	-208.620 	0.000 	0.000 	0.000 	
0.000 	0.000 	0.000 	0.000 	-208.620 	572.800 	-254.980 	0.000 	0.000 	
0.000 	0.000 	0.000 	0.000 	0.000 	-254.980 	687.360 	-301.340 	0.000 	
0.000 	0.000 	0.000 	0.000 	0.000 	0.000 	-301.340 	801.920 	-347.700 	
0.000 	0.000 	0.000 	0.000 	0.000 	0.000 	0.000 	-347.700 	479.420 	

-434.60024209951814	-2655.99459418974	-5556.835598416876	-9022.427615431956	-13564.189548800121	-20009.485823525203	-29637.958678598	-44229.8525097201	-86230.67814797105	

142.50441400095968	146.13322439157815	155.0442231171477	170.87827763582354	195.58359042997287	231.6811695936964	281.96266171556863	348.7682745576567	432.80924285928575	

Time: 200.0
26.820 	-23.180 	0.000 	0.000 	0.000 	0.000 	0.000 	0.000 	0.000 	
-23.180 	114.560 	-69.540 	0.000 	0.000 	0.000 	0.000 	0.000 	0.000 	
0.000 	-69.540 	229.120 	-115.900 	0.000 	0.000 	0.000 	0.000 	0.000 	
0.000 	0.000 	-115.900 	343.680 	-162.260 	0.000 	0.000 	0.000 	0.000 	
0.000 	0.000 	0.000 	-162.260 	458.240 	-208.620 	0.000 	0.000 	0.000 	
0.000 	0.000 	0.000 	0.000 	-208.620 	572.800 	-254.980 	0.000 	0.000 	
0.000 	0.000 	0.000 	0.000 	0.000 	-254.980 	687.360 	-301.340 	0.000 	
0.000 	0.000 	0.000 	0.000 	0.000 	0.000 	-301.340 	801.920 	-347.700 	
0.000 	0.000 	0.000 	0.000 	0.000 	0.000 	0.000 	-347.700 	479.420 	

-525.3205018649796	-3233.5992388419954	-6867.767508833639	-11366.600539573607	-17362.715121661793	-25714.94084520228	-37522.372518761724	-54033.39144915242	-91540.47137761448	

175.21476733024215	180.06641751166939	191.7361409919305	211.74286834748804	241.482618717631	282.5083034293776	336.2134733793465	403.3429127723967	483.4650247142504	

Time: 250.0
26.820 	-23.180 	0.000 	0.000 	0.000 	0.000 	0.000 	0.000 	0.000 	
-23.180 	114.560 	-69.540 	0.000 	0.000 	0.000 	0.000 	0.000 	0.000 	
0.000 	-69.540 	229.120 	-115.900 	0.000 	0.000 	0.000 	0.000 	0.000 	
0.000 	0.000 	-115.900 	343.680 	-162.260 	0.000 	0.000 	0.000 	0.000 	
0.000 	0.000 	0.000 	-162.260 	458.240 	-208.620 	0.000 	0.000 	0.000 	
0.000 	0.000 	0.000 	0.000 	-208.620 	572.800 	-254.980 	0.000 	0.000 	
0.000 	0.000 	0.000 	0.000 	0.000 	-254.980 	687.360 	-301.340 	0.000 	
0.000 	0.000 	0.000 	0.000 	0.000 	0.000 	-301.340 	801.920 	-347.700 	
0.000 	0.000 	0.000 	0.000 	0.000 	0.000 	0.000 	-347.700 	479.420 	

-646.6117564006604	-3987.537245325902	-8493.379167258749	-14070.215934903928	-21389.037867029765	-31253.083521300763	-44570.518585261554	-62262.115624606304	-95888.35821313536	

213.67086309450045	219.32876582310965	232.7563353586121	255.25133748718764	287.6747471011083	330.83096646489196	385.2544839969772	450.9282660970142	527.0454222497923	

Time: 300.0
26.820 	-23.180 	0.000 	0.000 	0.000 	0.000 	0.000 	0.000 	0.000 	
-23.180 	114.560 	-69.540 	0.000 	0.000 	0.000 	0.000 	0.000 	0.000 	
0.000 	-69.540 	229.120 	-115.900 	0.000 	0.000 	0.000 	0.000 	0.000 	
0.000 	0.000 	-115.900 	343.680 	-162.260 	0.000 	0.000 	0.000 	0.000 	
0.000 	0.000 	0.000 	-162.260 	458.240 	-208.620 	0.000 	0.000 	0.000 	
0.000 	0.000 	0.000 	0.000 	-208.620 	572.800 	-254.980 	0.000 	0.000 	
0.000 	0.000 	0.000 	0.000 	0.000 	-254.980 	687.360 	-301.340 	0.000 	
0.000 	0.000 	0.000 	0.000 	0.000 	0.000 	-301.340 	801.920 	-347.700 	
0.000 	0.000 	0.000 	0.000 	0.000 	0.000 	0.000 	-347.700 	479.420 	

-788.0593246158901	-4853.157392273358	-10298.18671816801	-16932.437351268105	-25425.090541444973	-36509.401485772905	-50948.030446450095	-69462.06999938609	-99646.24438785359	

255.31971615096512	261.41568000587125	275.7594462010163	299.4389232769465	332.91145067084483	376.48016931761316	430.17669095771345	493.6062463583701	565.8360857840441	

Time: 350.0
26.820 	-23.180 	0.000 	0.000 	0.000 	0.000 	0.000 	0.000 	0.000 	
-23.180 	114.560 	-69.540 	0.000 	0.000 	0.000 	0.000 	0.000 	0.000 	
0.000 	-69.540 	229.120 	-115.900 	0.000 	0.000 	0.000 	0.000 	0.000 	
0.000 	0.000 	-115.900 	343.680 	-162.260 	0.000 	0.000 	0.000 	0.000 	
0.000 	0.000 	0.000 	-162.260 	458.240 	-208.620 	0.000 	0.000 	0.000 	
0.000 	0.000 	0.000 	0.000 	-208.620 	572.800 	-254.980 	0.000 	0.000 	
0.000 	0.000 	0.000 	0.000 	0.000 	-254.980 	687.360 	-301.340 	0.000 	
0.000 	0.000 	0.000 	0.000 	0.000 	0.000 	-301.340 	801.920 	-347.700 	
0.000 	0.000 	0.000 	0.000 	0.000 	0.000 	0.000 	-347.700 	479.420 	

-940.4584209885435	-5776.540760536584	-12182.338888023403	-19830.19501070905	-29370.359943035648	-41472.983241277616	-56796.09250063586	-75933.65427880053	-102999.92248559173	

298.25292253619256	304.5161760747381	319.17356379343164	343.1462740646065	376.6183928026157	419.57788296954715	471.766801385172	532.5996133931567	601.1113596894568	

Time: 400.0
26.820 	-23.180 	0.000 	0.000 	0.000 	0.000 	0.000 	0.000 	0.000 	
-23.180 	114.560 	-69.540 	0.000 	0.000 	0.000 	0.000 	0.000 	0.000 	
0.000 	-69.540 	229.120 	-115.900 	0.000 	0.000 	0.000 	0.000 	0.000 	
0.000 	0.000 	-115.900 	343.680 	-162.260 	0.000 	0.000 	0.000 	0.000 	
0.000 	0.000 	0.000 	-162.260 	458.240 	-208.620 	0.000 	0.000 	0.000 	
0.000 	0.000 	0.000 	0.000 	-208.620 	572.800 	-254.980 	0.000 	0.000 	
0.000 	0.000 	0.000 	0.000 	0.000 	-254.980 	687.360 	-301.340 	0.000 	
0.000 	0.000 	0.000 	0.000 	0.000 	0.000 	-301.340 	801.920 	-347.700 	
0.000 	0.000 	0.000 	0.000 	0.000 	0.000 	0.000 	-347.700 	479.420 	

-1097.0397594521817	-6719.263500974961	-14079.623593018241	-22691.227005963825	-33178.62445144363	-46159.050518014905	-62214.80383893397	-81854.89523731815	-106054.67235938527	

341.1852777499382	347.4352627169388	362.0110074436691	385.70914808573644	418.5394875226006	460.29979840147877	510.56932355236256	568.6695553248901	633.6428950518882	

Time: 450.0
26.820 	-23.180 	0.000 	0.000 	0.000 	0.000 	0.000 	0.000 	0.000 	
-23.180 	114.560 	-69.540 	0.000 	0.000 	0.000 	0.000 	0.000 	0.000 	
0.000 	-69.540 	229.120 	-115.900 	0.000 	0.000 	0.000 	0.000 	0.000 	
0.000 	0.000 	-115.900 	343.680 	-162.260 	0.000 	0.000 	0.000 	0.000 	
0.000 	0.000 	0.000 	-162.260 	458.240 	-208.620 	0.000 	0.000 	0.000 	
0.000 	0.000 	0.000 	0.000 	-208.620 	572.800 	-254.980 	0.000 	0.000 	
0.000 	0.000 	0.000 	0.000 	0.000 	-254.980 	687.360 	-301.340 	0.000 	
0.000 	0.000 	0.000 	0.000 	0.000 	0.000 	-301.340 	801.920 	-347.700 	
0.000 	0.000 	0.000 	0.000 	0.000 	0.000 	0.000 	-347.700 	479.420 	

-1253.2893836271965	-7656.194731304726	-15948.71031877189	-25474.26882715665	-36829.384997739995	-50587.09998676037	-67273.2597485123	-87337.32230887108	-108874.81099927035	

383.3078318384158	389.43169397126167	403.6816880648164	426.76236455457234	458.5770551968633	498.8136492332526	546.9645189382368	602.3122310591799	663.92468761936	

Time: 500.0
26.820 	-23.180 	0.000 	0.000 	0.000 	0.000 	0.000 	0.000 	0.000 	
-23.180 	114.560 	-69.540 	0.000 	0.000 	0.000 	0.000 	0.000 	0.000 	
0.000 	-69.540 	229.120 	-115.900 	0.000 	0.000 	0.000 	0.000 	0.000 	
0.000 	0.000 	-115.900 	343.680 	-162.260 	0.000 	0.000 	0.000 	0.000 	
0.000 	0.000 	0.000 	-162.260 	458.240 	-208.620 	0.000 	0.000 	0.000 	
0.000 	0.000 	0.000 	0.000 	-208.620 	572.800 	-254.980 	0.000 	0.000 	
0.000 	0.000 	0.000 	0.000 	0.000 	-254.980 	687.360 	-301.340 	0.000 	
0.000 	0.000 	0.000 	0.000 	0.000 	0.000 	-301.340 	801.920 	-347.700 	
0.000 	0.000 	0.000 	0.000 	0.000 	0.000 	0.000 	-347.700 	479.420 	

-1406.385936948342	-8571.847735000189	-17765.04532297478	-28156.75512833809	-40315.0477935267	-54775.355497443445	-72019.77701894808	-92453.98707963215	-111501.75478347356	

424.140227358534	430.07139606469394	443.8533351739887	466.12136281059884	496.7165863166514	535.267512177948	581.2254343113193	633.8648279489661	692.287671480654	

Time: 550.0
26.820 	-23.180 	0.000 	0.000 	0.000 	0.000 	0.000 	0.000 	0.000 	
-23.180 	114.560 	-69.540 	0.000 	0.000 	0.000 	0.000 	0.000 	0.000 	
0.000 	-69.540 	229.120 	-115.900 	0.000 	0.000 	0.000 	0.000 	0.000 	
0.000 	0.000 	-115.900 	343.680 	-162.260 	0.000 	0.000 	0.000 	0.000 	
0.000 	0.000 	0.000 	-162.260 	458.240 	-208.620 	0.000 	0.000 	0.000 	
0.000 	0.000 	0.000 	0.000 	-208.620 	572.800 	-254.980 	0.000 	0.000 	
0.000 	0.000 	0.000 	0.000 	0.000 	-254.980 	687.360 	-301.340 	0.000 	
0.000 	0.000 	0.000 	0.000 	0.000 	0.000 	-301.340 	801.920 	-347.700 	
0.000 	0.000 	0.000 	0.000 	0.000 	0.000 	0.000 	-347.700 	479.420 	

-1554.66515460234	-9457.213950543297	-19514.903344353945	-30727.415787321035	-43634.84199875926	-58739.8257653288	-76489.15136450609	-97254.75047178005	-113963.38022801923	

463.41714239133603	469.1191805134942	482.3564855975024	503.71067146536	532.9887285907812	569.7911007511594	613.5556050918567	663.5663850862696	718.9633563940615	

Time: 600.0
26.820 	-23.180 	0.000 	0.000 	0.000 	0.000 	0.000 	0.000 	0.000 	
-23.180 	114.560 	-69.540 	0.000 	0.000 	0.000 	0.000 	0.000 	0.000 	
0.000 	-69.540 	229.120 	-115.900 	0.000 	0.000 	0.000 	0.000 	0.000 	
0.000 	0.000 	-115.900 	343.680 	-162.260 	0.000 	0.000 	0.000 	0.000 	
0.000 	0.000 	0.000 	-162.260 	458.240 	-208.620 	0.000 	0.000 	0.000 	
0.000 	0.000 	0.000 	0.000 	-208.620 	572.800 	-254.980 	0.000 	0.000 	
0.000 	0.000 	0.000 	0.000 	0.000 	-254.980 	687.360 	-301.340 	0.000 	
0.000 	0.000 	0.000 	0.000 	0.000 	0.000 	-301.340 	801.920 	-347.700 	
0.000 	0.000 	0.000 	0.000 	0.000 	0.000 	0.000 	-347.700 	479.420 	

-1697.2161076562945	-10307.460878789958	-21191.378696535532	-33181.80255078754	-46791.71573789565	-62494.53072293548	-80707.41616899846	-101775.11121401792	-116279.27488068232	

501.009664835279	506.4651899565548	519.1226236949975	539.5203411120051	567.4487624573713	602.4994469453183	644.1132310906006	691.5940312315472	744.1210619911913	

Time: 650.0
26.820 	-23.180 	0.000 	0.000 	0.000 	0.000 	0.000 	0.000 	0.000 	
-23.180 	114.560 	-69.540 	0.000 	0.000 	0.000 	0.000 	0.000 	0.000 	
0.000 	-69.540 	229.120 	-115.900 	0.000 	0.000 	0.000 	0.000 	0.000 	
0.000 	0.000 	-115.900 	343.680 	-162.260 	0.000 	0.000 	0.000 	0.000 	
0.000 	0.000 	0.000 	-162.260 	458.240 	-208.620 	0.000 	0.000 	0.000 	
0.000 	0.000 	0.000 	0.000 	-208.620 	572.800 	-254.980 	0.000 	0.000 	
0.000 	0.000 	0.000 	0.000 	0.000 	-254.980 	687.360 	-301.340 	0.000 	
0.000 	0.000 	0.000 	0.000 	0.000 	0.000 	-301.340 	801.920 	-347.700 	
0.000 	0.000 	0.000 	0.000 	0.000 	0.000 	0.000 	-347.700 	479.420 	

-1833.6042356881906	-11120.380281141272	-22791.785843278274	-35519.56160910072	-49790.64601224466	-66051.9173531001	-84694.88557485334	-106041.48770307685	-118463.8273702387	

536.8735265730139	542.0769519829491	554.1447654883793	573.5792198837181	600.1649596969644	633.4962175292708	673.0265203375993	718.0850796402091	767.8903874704117	

Time: 700.0
26.820 	-23.180 	0.000 	0.000 	0.000 	0.000 	0.000 	0.000 	0.000 	
-23.180 	114.560 	-69.540 	0.000 	0.000 	0.000 	0.000 	0.000 	0.000 	
0.000 	-69.540 	229.120 	-115.900 	0.000 	0.000 	0.000 	0.000 	0.000 	
0.000 	0.000 	-115.900 	343.680 	-162.260 	0.000 	0.000 	0.000 	0.000 	
0.000 	0.000 	0.000 	-162.260 	458.240 	-208.620 	0.000 	0.000 	0.000 	
0.000 	0.000 	0.000 	0.000 	-208.620 	572.800 	-254.980 	0.000 	0.000 	
0.000 	0.000 	0.000 	0.000 	0.000 	-254.980 	687.360 	-301.340 	0.000 	
0.000 	0.000 	0.000 	0.000 	0.000 	0.000 	-301.340 	801.920 	-347.700 	
0.000 	0.000 	0.000 	0.000 	0.000 	0.000 	0.000 	-347.700 	479.420 	

-1963.6898709365682	-11895.380658800164	-24316.006629788353	-37742.759277001474	-52637.67455719551	-69423.21761312154	-88468.08407591112	-110074.44636605469	-120528.09833533302	

571.0159121538843	575.9688047020319	587.4526425673944	605.9385000541145	631.211778306624	662.8761850026253	700.4034040554168	743.150693846307	790.3750252088339	

Time: 750.0
26.820 	-23.180 	0.000 	0.000 	0.000 	0.000 	0.000 	0.000 	0.000 	
-23.180 	114.560 	-69.540 	0.000 	0.000 	0.000 	0.000 	0.000 	0.000 	
0.000 	-69.540 	229.120 	-115.900 	0.000 	0.000 	0.000 	0.000 	0.000 	
0.000 	0.000 	-115.900 	343.680 	-162.260 	0.000 	0.000 	0.000 	0.000 	
0.000 	0.000 	0.000 	-162.260 	458.240 	-208.620 	0.000 	0.000 	0.000 	
0.000 	0.000 	0.000 	0.000 	-208.620 	572.800 	-254.980 	0.000 	0.000 	
0.000 	0.000 	0.000 	0.000 	0.000 	-254.980 	687.360 	-301.340 	0.000 	
0.000 	0.000 	0.000 	0.000 	0.000 	0.000 	-301.340 	801.920 	-347.700 	
0.000 	0.000 	0.000 	0.000 	0.000 	0.000 	0.000 	-347.700 	479.420 	

-2087.512184640258	-12632.846184998663	-25765.45097572617	-39854.850785350645	-55339.342369606675	-72618.71134603891	-92040.96801843274	-113890.70144496296	-122480.97286436148	

603.4744951604956	608.1826477793188	619.0971979692105	636.6615849560285	660.6658294570634	690.7269607220283	726.3376986987305	766.8844232900366	811.6613550586796	

Time: 800.0
26.820 	-23.180 	0.000 	0.000 	0.000 	0.000 	0.000 	0.000 	0.000 	
-23.180 	114.560 	-69.540 	0.000 	0.000 	0.000 	0.000 	0.000 	0.000 	
0.000 	-69.540 	229.120 	-115.900 	0.000 	0.000 	0.000 	0.000 	0.000 	
0.000 	0.000 	-115.900 	343.680 	-162.260 	0.000 	0.000 	0.000 	0.000 	
0.000 	0.000 	0.000 	-162.260 	458.240 	-208.620 	0.000 	0.000 	0.000 	
0.000 	0.000 	0.000 	0.000 	-208.620 	572.800 	-254.980 	0.000 	0.000 	
0.000 	0.000 	0.000 	0.000 	0.000 	-254.980 	687.360 	-301.340 	0.000 	
0.000 	0.000 	0.000 	0.000 	0.000 	0.000 	-301.340 	801.920 	-347.700 	
0.000 	0.000 	0.000 	0.000 	0.000 	0.000 	0.000 	-347.700 	479.420 	

-2205.216000110838	-13333.73363376996	-27142.408084836556	-41860.04519967952	-57902.35411654264	-75647.909755015	-95425.70056701396	-117504.36536602976	-124329.87840830378	

634.3043252699488	638.7759276784967	649.1409603295992	665.8178665670135	688.6034874884052	717.1301934664813	750.9130343664234	789.3675781675296	831.8238399254905	

Time: 850.0
26.820 	-23.180 	0.000 	0.000 	0.000 	0.000 	0.000 	0.000 	0.000 	
-23.180 	114.560 	-69.540 	0.000 	0.000 	0.000 	0.000 	0.000 	0.000 	
0.000 	-69.540 	229.120 	-115.900 	0.000 	0.000 	0.000 	0.000 	0.000 	
0.000 	0.000 	-115.900 	343.680 	-162.260 	0.000 	0.000 	0.000 	0.000 	
0.000 	0.000 	0.000 	-162.260 	458.240 	-208.620 	0.000 	0.000 	0.000 	
0.000 	0.000 	0.000 	0.000 	-208.620 	572.800 	-254.980 	0.000 	0.000 	
0.000 	0.000 	0.000 	0.000 	0.000 	-254.980 	687.360 	-301.340 	0.000 	
0.000 	0.000 	0.000 	0.000 	0.000 	0.000 	-301.340 	801.920 	-347.700 	
0.000 	0.000 	0.000 	0.000 	0.000 	0.000 	0.000 	-347.700 	479.420 	

-2317.0060603245374	-13999.321022388962	-28449.64391568064	-43762.91558124631	-60333.379300366265	-78519.68215743196	-98633.14605488928	-120927.73678990563	-126081.23593264497	

663.5696889251427	667.8141931235657	677.6521074570187	693.4789297243926	715.0994929875638	742.1624064287797	774.2053808843984	810.6726427244863	850.9284423008501	

Time: 900.0
26.820 	-23.180 	0.000 	0.000 	0.000 	0.000 	0.000 	0.000 	0.000 	
-23.180 	114.560 	-69.540 	0.000 	0.000 	0.000 	0.000 	0.000 	0.000 	
0.000 	-69.540 	229.120 	-115.900 	0.000 	0.000 	0.000 	0.000 	0.000 	
0.000 	0.000 	-115.900 	343.680 	-162.260 	0.000 	0.000 	0.000 	0.000 	
0.000 	0.000 	0.000 	-162.260 	458.240 	-208.620 	0.000 	0.000 	0.000 	
0.000 	0.000 	0.000 	0.000 	-208.620 	572.800 	-254.980 	0.000 	0.000 	
0.000 	0.000 	0.000 	0.000 	0.000 	-254.980 	687.360 	-301.340 	0.000 	
0.000 	0.000 	0.000 	0.000 	0.000 	0.000 	-301.340 	801.920 	-347.700 	
0.000 	0.000 	0.000 	0.000 	0.000 	0.000 	0.000 	-347.700 	479.420 	

-2423.1186652851093	-14631.051992437373	-29690.153124093405	-45568.161368879555	-62638.93625358489	-81242.34460845357	-101673.18817762261	-124171.80153301351	-127740.74586106786	

691.3390974324534	695.3665197501268	704.7008373835506	719.716263622091	740.2261620855719	765.8955964202103	796.2846932573042	830.8654656019419	869.0348092503182	

Time: 950.0
26.820 	-23.180 	0.000 	0.000 	0.000 	0.000 	0.000 	0.000 	0.000 	
-23.180 	114.560 	-69.540 	0.000 	0.000 	0.000 	0.000 	0.000 	0.000 	
0.000 	-69.540 	229.120 	-115.900 	0.000 	0.000 	0.000 	0.000 	0.000 	
0.000 	0.000 	-115.900 	343.680 	-162.260 	0.000 	0.000 	0.000 	0.000 	
0.000 	0.000 	0.000 	-162.260 	458.240 	-208.620 	0.000 	0.000 	0.000 	
0.000 	0.000 	0.000 	0.000 	-208.620 	572.800 	-254.980 	0.000 	0.000 	
0.000 	0.000 	0.000 	0.000 	0.000 	-254.980 	687.360 	-301.340 	0.000 	
0.000 	0.000 	0.000 	0.000 	0.000 	0.000 	-301.340 	801.920 	-347.700 	
0.000 	0.000 	0.000 	0.000 	0.000 	0.000 	0.000 	-347.700 	479.420 	

-2523.8042232269468	-15230.440257002316	-30867.007581404177	-47280.465320171206	-64825.326747769344	-83823.72351336085	-104554.9375594289	-127246.55438914742	-129313.57114891155	

717.6822326905728	721.5027289683844	730.3571788876557	744.5999091706003	764.0529670313034	788.3976780875793	817.216003267436	850.0066850988968	886.1976879515295	

Time: 1000.0
26.820 	-23.180 	0.000 	0.000 	0.000 	0.000 	0.000 	0.000 	0.000 	
-23.180 	114.560 	-69.540 	0.000 	0.000 	0.000 	0.000 	0.000 	0.000 	
0.000 	-69.540 	229.120 	-115.900 	0.000 	0.000 	0.000 	0.000 	0.000 	
0.000 	0.000 	-115.900 	343.680 	-162.260 	0.000 	0.000 	0.000 	0.000 	
0.000 	0.000 	0.000 	-162.260 	458.240 	-208.620 	0.000 	0.000 	0.000 	
0.000 	0.000 	0.000 	0.000 	-208.620 	572.800 	-254.980 	0.000 	0.000 	
0.000 	0.000 	0.000 	0.000 	0.000 	-254.980 	687.360 	-301.340 	0.000 	
0.000 	0.000 	0.000 	0.000 	0.000 	0.000 	-301.340 	801.920 	-347.700 	
0.000 	0.000 	0.000 	0.000 	0.000 	0.000 	0.000 	-347.700 	479.420 	

-2619.3166301722376	-15799.01159400238	-31983.265122826924	-48904.40916042618	-66898.60160980841	-86271.20295015941	-107286.86973019289	-130161.20886366008	-130804.45605750091	

742.6681143717323	746.2917255059934	754.6896978548571	768.1976864364949	786.6463437241985	809.7328268487205	837.0601617422637	868.1526742386654	902.4678588507135	

Time: 1050.0
26.820 	-23.180 	0.000 	0.000 	0.000 	0.000 	0.000 	0.000 	0.000 	
-23.180 	114.560 	-69.540 	0.000 	0.000 	0.000 	0.000 	0.000 	0.000 	
0.000 	-69.540 	229.120 	-115.900 	0.000 	0.000 	0.000 	0.000 	0.000 	
0.000 	0.000 	-115.900 	343.680 	-162.260 	0.000 	0.000 	0.000 	0.000 	
0.000 	0.000 	0.000 	-162.260 	458.240 	-208.620 	0.000 	0.000 	0.000 	
0.000 	0.000 	0.000 	0.000 	-208.620 	572.800 	-254.980 	0.000 	0.000 	
0.000 	0.000 	0.000 	0.000 	0.000 	-254.980 	687.360 	-301.340 	0.000 	
0.000 	0.000 	0.000 	0.000 	0.000 	0.000 	-301.340 	801.920 	-347.700 	
0.000 	0.000 	0.000 	0.000 	0.000 	0.000 	0.000 	-347.700 	479.420 	

-2709.9069085287683	-16338.269241810634	-33041.91576936689	-50444.42561306959	-68864.54528747775	-88591.76134286635	-109876.919195799	-132924.33653184763	-132217.80460314872	

766.3640270122926	769.8005304525747	777.7647595727741	790.5747804682811	808.0696370256553	829.9617548862661	855.874359477966	885.3561832948579	917.8927652886714	

Time: 1100.0
26.820 	-23.180 	0.000 	0.000 	0.000 	0.000 	0.000 	0.000 	0.000 	
-23.180 	114.560 	-69.540 	0.000 	0.000 	0.000 	0.000 	0.000 	0.000 	
0.000 	-69.540 	229.120 	-115.900 	0.000 	0.000 	0.000 	0.000 	0.000 	
0.000 	0.000 	-115.900 	343.680 	-162.260 	0.000 	0.000 	0.000 	0.000 	
0.000 	0.000 	0.000 	-162.260 	458.240 	-208.620 	0.000 	0.000 	0.000 	
0.000 	0.000 	0.000 	0.000 	-208.620 	572.800 	-254.980 	0.000 	0.000 	
0.000 	0.000 	0.000 	0.000 	0.000 	-254.980 	687.360 	-301.340 	0.000 	
0.000 	0.000 	0.000 	0.000 	0.000 	0.000 	-301.340 	801.920 	-347.700 	
0.000 	0.000 	0.000 	0.000 	0.000 	0.000 	0.000 	-347.700 	479.420 	

-2795.819494535822	-16849.67383981854	-34045.85119729029	-51904.77289867171	-70728.67190857467	-90792.00108694643	-112332.5456735713	-135543.96203903793	-133557.73362161248	

788.8349182907245	792.0937452100824	799.6461346774355	811.7935473519703	828.3831285969239	849.1419420302304	873.7125069420213	901.6667907321475	932.5169512308707	

Time: 1150.0
26.820 	-23.180 	0.000 	0.000 	0.000 	0.000 	0.000 	0.000 	0.000 	
-23.180 	114.560 	-69.540 	0.000 	0.000 	0.000 	0.000 	0.000 	0.000 	
0.000 	-69.540 	229.120 	-115.900 	0.000 	0.000 	0.000 	0.000 	0.000 	
0.000 	0.000 	-115.900 	343.680 	-162.260 	0.000 	0.000 	0.000 	0.000 	
0.000 	0.000 	0.000 	-162.260 	458.240 	-208.620 	0.000 	0.000 	0.000 	
0.000 	0.000 	0.000 	0.000 	-208.620 	572.800 	-254.980 	0.000 	0.000 	
0.000 	0.000 	0.000 	0.000 	0.000 	-254.980 	687.360 	-301.340 	0.000 	
0.000 	0.000 	0.000 	0.000 	0.000 	0.000 	-301.340 	801.920 	-347.700 	
0.000 	0.000 	0.000 	0.000 	0.000 	0.000 	0.000 	-347.700 	479.420 	

-2877.290167519768	-17334.632376886082	-34997.84857155566	-53289.52303222174	-72496.22821320183	-92878.17341519495	-114660.78255461977	-138027.62999426824	-134828.1097755095	

810.1430881409054	813.2332811201996	820.394816294754	831.9134544331192	847.6441130210092	867.3278354003705	890.6255229574546	917.1312319473915	946.3823768794405	

Time: 1200.0
26.820 	-23.180 	0.000 	0.000 	0.000 	0.000 	0.000 	0.000 	0.000 	
-23.180 	114.560 	-69.540 	0.000 	0.000 	0.000 	0.000 	0.000 	0.000 	
0.000 	-69.540 	229.120 	-115.900 	0.000 	0.000 	0.000 	0.000 	0.000 	
0.000 	0.000 	-115.900 	343.680 	-162.260 	0.000 	0.000 	0.000 	0.000 	
0.000 	0.000 	0.000 	-162.260 	458.240 	-208.620 	0.000 	0.000 	0.000 	
0.000 	0.000 	0.000 	0.000 	-208.620 	572.800 	-254.980 	0.000 	0.000 	
0.000 	0.000 	0.000 	0.000 	0.000 	-254.980 	687.360 	-301.340 	0.000 	
0.000 	0.000 	0.000 	0.000 	0.000 	0.000 	-301.340 	801.920 	-347.700 	
0.000 	0.000 	0.000 	0.000 	0.000 	0.000 	0.000 	-347.700 	479.420 	

-2954.544992002122	-17794.49269049531	-35900.56320075974	-54602.55851780686	-74172.20049567739	-94856.19995803677	-116868.27389815106	-140382.45392205718	-136032.57633577808	

830.3480561716761	833.2782517026671	840.0689658110758	850.9911011429629	865.9070010199757	884.57102665256	906.6615638707341	931.7936492605178	959.5286558416082	

Time: 1250.0
26.820 	-23.180 	0.000 	0.000 	0.000 	0.000 	0.000 	0.000 	0.000 	
-23.180 	114.560 	-69.540 	0.000 	0.000 	0.000 	0.000 	0.000 	0.000 	
0.000 	-69.540 	229.120 	-115.900 	0.000 	0.000 	0.000 	0.000 	0.000 	
0.000 	0.000 	-115.900 	343.680 	-162.260 	0.000 	0.000 	0.000 	0.000 	
0.000 	0.000 	0.000 	-162.260 	458.240 	-208.620 	0.000 	0.000 	0.000 	
0.000 	0.000 	0.000 	0.000 	-208.620 	572.800 	-254.980 	0.000 	0.000 	
0.000 	0.000 	0.000 	0.000 	0.000 	-254.980 	687.360 	-301.340 	0.000 	
0.000 	0.000 	0.000 	0.000 	0.000 	0.000 	-301.340 	801.920 	-347.700 	
0.000 	0.000 	0.000 	0.000 	0.000 	0.000 	0.000 	-347.700 	479.420 	

-3027.7998802769	-18230.54136035119	-36756.52655911494	-55847.57407979828	-75761.32378453159	-96731.69192570324	-118961.30391483274	-142615.15363828655	-137174.57338747205	

849.5065372634208	852.2849632904398	858.7239358705056	869.0802871468254	883.2234367030046	900.9204125098616	921.8662130165596	945.69579041104	971.9932412358979	

Time: 1300.0
26.820 	-23.180 	0.000 	0.000 	0.000 	0.000 	0.000 	0.000 	0.000 	
-23.180 	114.560 	-69.540 	0.000 	0.000 	0.000 	0.000 	0.000 	0.000 	
0.000 	-69.540 	229.120 	-115.900 	0.000 	0.000 	0.000 	0.000 	0.000 	
0.000 	0.000 	-115.900 	343.680 	-162.260 	0.000 	0.000 	0.000 	0.000 	
0.000 	0.000 	0.000 	-162.260 	458.240 	-208.620 	0.000 	0.000 	0.000 	
0.000 	0.000 	0.000 	0.000 	-208.620 	572.800 	-254.980 	0.000 	0.000 	
0.000 	0.000 	0.000 	0.000 	0.000 	-254.980 	687.360 	-301.340 	0.000 	
0.000 	0.000 	0.000 	0.000 	0.000 	0.000 	-301.340 	801.920 	-347.700 	
0.000 	0.000 	0.000 	0.000 	0.000 	0.000 	0.000 	-347.700 	479.420 	

-3097.2605309523733	-18644.00365318065	-37568.14752514998	-57028.081342589685	-77268.09216874313	-98509.96750850236	-120945.82142869671	-144732.08504440228	-138257.35374882724	

867.6724817008453	870.3069641159387	876.4123386556685	886.232107187346	899.6424208391713	916.4223422700514	936.2826429849907	958.8771727000944	983.8115779412072	

Time: 1350.0
26.820 	-23.180 	0.000 	0.000 	0.000 	0.000 	0.000 	0.000 	0.000 	
-23.180 	114.560 	-69.540 	0.000 	0.000 	0.000 	0.000 	0.000 	0.000 	
0.000 	-69.540 	229.120 	-115.900 	0.000 	0.000 	0.000 	0.000 	0.000 	
0.000 	0.000 	-115.900 	343.680 	-162.260 	0.000 	0.000 	0.000 	0.000 	
0.000 	0.000 	0.000 	-162.260 	458.240 	-208.620 	0.000 	0.000 	0.000 	
0.000 	0.000 	0.000 	0.000 	-208.620 	572.800 	-254.980 	0.000 	0.000 	
0.000 	0.000 	0.000 	0.000 	0.000 	-254.980 	687.360 	-301.340 	0.000 	
0.000 	0.000 	0.000 	0.000 	0.000 	0.000 	-301.340 	801.920 	-347.700 	
0.000 	0.000 	0.000 	0.000 	0.000 	0.000 	0.000 	-347.700 	479.420 	

-3163.1225913297103	-19036.044683283046	-38337.71550112994	-58147.41516519945	-78696.76960162172	-100196.0678831627	-122827.46088949702	-146739.26485241088	-139283.9960422321	

884.8971527411869	887.3951270548303	893.1841396545456	902.495059888919	915.2104352980463	931.120754730022	949.9517586254348	971.3752235953365	995.0172318348295	

Time: 1400.0
26.820 	-23.180 	0.000 	0.000 	0.000 	0.000 	0.000 	0.000 	0.000 	
-23.180 	114.560 	-69.540 	0.000 	0.000 	0.000 	0.000 	0.000 	0.000 	
0.000 	-69.540 	229.120 	-115.900 	0.000 	0.000 	0.000 	0.000 	0.000 	
0.000 	0.000 	-115.900 	343.680 	-162.260 	0.000 	0.000 	0.000 	0.000 	
0.000 	0.000 	0.000 	-162.260 	458.240 	-208.620 	0.000 	0.000 	0.000 	
0.000 	0.000 	0.000 	0.000 	-208.620 	572.800 	-254.980 	0.000 	0.000 	
0.000 	0.000 	0.000 	0.000 	0.000 	-254.980 	687.360 	-301.340 	0.000 	
0.000 	0.000 	0.000 	0.000 	0.000 	0.000 	-301.340 	801.920 	-347.700 	
0.000 	0.000 	0.000 	0.000 	0.000 	0.000 	0.000 	-347.700 	479.420 	

-3225.5719491707923	-19407.771270420624	-39067.404585447955	-59208.74083250008	-80051.40077721904	-101794.77208220675	-124611.56093347637	-148642.39182700287	-140257.41582435046	

901.2292248406285	903.5977506900707	909.086764694099	917.9151627116098	929.9715657597596	945.0573061784378	962.9123258608493	983.2254046620324	1005.6420028894547	

Time: 1450.0
26.820 	-23.180 	0.000 	0.000 	0.000 	0.000 	0.000 	0.000 	0.000 	
-23.180 	114.560 	-69.540 	0.000 	0.000 	0.000 	0.000 	0.000 	0.000 	
0.000 	-69.540 	229.120 	-115.900 	0.000 	0.000 	0.000 	0.000 	0.000 	
0.000 	0.000 	-115.900 	343.680 	-162.260 	0.000 	0.000 	0.000 	0.000 	
0.000 	0.000 	0.000 	-162.260 	458.240 	-208.620 	0.000 	0.000 	0.000 	
0.000 	0.000 	0.000 	0.000 	-208.620 	572.800 	-254.980 	0.000 	0.000 	
0.000 	0.000 	0.000 	0.000 	0.000 	-254.980 	687.360 	-301.340 	0.000 	
0.000 	0.000 	0.000 	0.000 	0.000 	0.000 	-301.340 	801.920 	-347.700 	
0.000 	0.000 	0.000 	0.000 	0.000 	0.000 	0.000 	-347.700 	479.420 	

-3284.78509540685	-19760.234174486697	-39759.2782873347	-60215.06161373745	-81335.82183799546	-103310.61090066738	-126303.18113119762	-150446.8655519018	-141180.37535037333	

916.7148922019182	918.9606692574878	924.1652127467673	932.5360683092155	943.9676210120924	958.2714906084308	975.2010895925059	994.4613232088925	1015.7160265112605	

Time: 1500.0
26.820 	-23.180 	0.000 	0.000 	0.000 	0.000 	0.000 	0.000 	0.000 	
-23.180 	114.560 	-69.540 	0.000 	0.000 	0.000 	0.000 	0.000 	0.000 	
0.000 	-69.540 	229.120 	-115.900 	0.000 	0.000 	0.000 	0.000 	0.000 	
0.000 	0.000 	-115.900 	343.680 	-162.260 	0.000 	0.000 	0.000 	0.000 	
0.000 	0.000 	0.000 	-162.260 	458.240 	-208.620 	0.000 	0.000 	0.000 	
0.000 	0.000 	0.000 	0.000 	-208.620 	572.800 	-254.980 	0.000 	0.000 	
0.000 	0.000 	0.000 	0.000 	0.000 	-254.980 	687.360 	-301.340 	0.000 	
0.000 	0.000 	0.000 	0.000 	0.000 	0.000 	-301.340 	801.920 	-347.700 	
0.000 	0.000 	0.000 	0.000 	0.000 	0.000 	0.000 	-347.700 	479.420 	

-3340.929521796088	-20094.43050979343	-40415.29447094476	-61169.22639143493	-82553.67077416819	-104747.87996211194	-127907.11733590241	-152157.80336496423	-142055.49233944496	

931.3979813211835	933.5273657108312	938.4621699599359	946.399179454217	957.2382479047985	970.800752983817	986.8528828500964	1005.1148344863755	1025.2678659427659	

Time: 1550.0
26.820 	-23.180 	0.000 	0.000 	0.000 	0.000 	0.000 	0.000 	0.000 	
-23.180 	114.560 	-69.540 	0.000 	0.000 	0.000 	0.000 	0.000 	0.000 	
0.000 	-69.540 	229.120 	-115.900 	0.000 	0.000 	0.000 	0.000 	0.000 	
0.000 	0.000 	-115.900 	343.680 	-162.260 	0.000 	0.000 	0.000 	0.000 	
0.000 	0.000 	0.000 	-162.260 	458.240 	-208.620 	0.000 	0.000 	0.000 	
0.000 	0.000 	0.000 	0.000 	-208.620 	572.800 	-254.980 	0.000 	0.000 	
0.000 	0.000 	0.000 	0.000 	0.000 	-254.980 	687.360 	-301.340 	0.000 	
0.000 	0.000 	0.000 	0.000 	0.000 	0.000 	-301.340 	801.920 	-347.700 	
0.000 	0.000 	0.000 	0.000 	0.000 	0.000 	0.000 	-347.700 	479.420 	

-3394.1641315372785	-20411.306218735095	-41037.310339047035	-62073.93718350157	-83708.39743809562	-106110.65203255965	-129427.9159044661	-153780.05587932008	-142885.24797804587	

945.3200637124934	947.339084433559	952.0181221903571	959.5437608774558	969.8210414951247	982.6805961875799	997.9007286335066	1015.2161363016863	1034.3245975763741	

Time: 1600.0
26.820 	-23.180 	0.000 	0.000 	0.000 	0.000 	0.000 	0.000 	0.000 	
-23.180 	114.560 	-69.540 	0.000 	0.000 	0.000 	0.000 	0.000 	0.000 	
0.000 	-69.540 	229.120 	-115.900 	0.000 	0.000 	0.000 	0.000 	0.000 	
0.000 	0.000 	-115.900 	343.680 	-162.260 	0.000 	0.000 	0.000 	0.000 	
0.000 	0.000 	0.000 	-162.260 	458.240 	-208.620 	0.000 	0.000 	0.000 	
0.000 	0.000 	0.000 	0.000 	-208.620 	572.800 	-254.980 	0.000 	0.000 	
0.000 	0.000 	0.000 	0.000 	0.000 	-254.980 	687.360 	-301.340 	0.000 	
0.000 	0.000 	0.000 	0.000 	0.000 	0.000 	-301.340 	801.920 	-347.700 	
0.000 	0.000 	0.000 	0.000 	0.000 	0.000 	0.000 	-347.700 	479.420 	

-3444.63964956392	-20711.758532468313	-41627.08734317451	-62931.7564557063	-84803.273135806	-107402.78864938709	-130869.88697399451	-155318.22136516968	-143671.99431637212	

958.5205665438424	960.4349415478507	964.8714644631409	972.0070471042457	981.7516502021555	993.944682147893	1008.37593544494	1024.7938573019449	1042.9118904096229	

Time: 1650.0
26.820 	-23.180 	0.000 	0.000 	0.000 	0.000 	0.000 	0.000 	0.000 	
-23.180 	114.560 	-69.540 	0.000 	0.000 	0.000 	0.000 	0.000 	0.000 	
0.000 	-69.540 	229.120 	-115.900 	0.000 	0.000 	0.000 	0.000 	0.000 	
0.000 	0.000 	-115.900 	343.680 	-162.260 	0.000 	0.000 	0.000 	0.000 	
0.000 	0.000 	0.000 	-162.260 	458.240 	-208.620 	0.000 	0.000 	0.000 	
0.000 	0.000 	0.000 	0.000 	-208.620 	572.800 	-254.980 	0.000 	0.000 	
0.000 	0.000 	0.000 	0.000 	0.000 	-254.980 	687.360 	-301.340 	0.000 	
0.000 	0.000 	0.000 	0.000 	0.000 	0.000 	-301.340 	801.920 	-347.700 	
0.000 	0.000 	0.000 	0.000 	0.000 	0.000 	0.000 	-347.700 	479.420 	

-3492.4990246641264	-20996.638376014882	-42186.29595466584	-63745.11416770244	-85841.39978146277	-108627.95111828402	-132237.116920833	-156776.65917702232	-144417.96116133116	

971.036879883196	972.8520316539957	977.0586064793503	983.8243458210814	993.0638759591338	1004.6249275482733	1018.3081872255503	1033.8751397898093	1051.0540804851087	

Time: 1700.0
26.820 	-23.180 	0.000 	0.000 	0.000 	0.000 	0.000 	0.000 	0.000 	
-23.180 	114.560 	-69.540 	0.000 	0.000 	0.000 	0.000 	0.000 	0.000 	
0.000 	-69.540 	229.120 	-115.900 	0.000 	0.000 	0.000 	0.000 	0.000 	
0.000 	0.000 	-115.900 	343.680 	-162.260 	0.000 	0.000 	0.000 	0.000 	
0.000 	0.000 	0.000 	-162.260 	458.240 	-208.620 	0.000 	0.000 	0.000 	
0.000 	0.000 	0.000 	0.000 	-208.620 	572.800 	-254.980 	0.000 	0.000 	
0.000 	0.000 	0.000 	0.000 	0.000 	-254.980 	687.360 	-301.340 	0.000 	
0.000 	0.000 	0.000 	0.000 	0.000 	0.000 	-301.340 	801.920 	-347.700 	
0.000 	0.000 	0.000 	0.000 	0.000 	0.000 	0.000 	-347.700 	479.420 	

-3537.8778189341183	-21266.752693646496	-42716.520260480655	-64516.31452414529	-86825.71861485997	-109789.61092197892	-133533.48009296574	-158159.5023543756	-145125.26253730882	

982.9044598499695	984.6255303786766	988.6140737304006	995.0291365840802	1003.7897694546839	1014.7515944680293	1027.7256282283736	1042.4857176897508	1058.7742409118475	

Time: 1750.0
26.820 	-23.180 	0.000 	0.000 	0.000 	0.000 	0.000 	0.000 	0.000 	
-23.180 	114.560 	-69.540 	0.000 	0.000 	0.000 	0.000 	0.000 	0.000 	
0.000 	-69.540 	229.120 	-115.900 	0.000 	0.000 	0.000 	0.000 	0.000 	
0.000 	0.000 	-115.900 	343.680 	-162.260 	0.000 	0.000 	0.000 	0.000 	
0.000 	0.000 	0.000 	-162.260 	458.240 	-208.620 	0.000 	0.000 	0.000 	
0.000 	0.000 	0.000 	0.000 	-208.620 	572.800 	-254.980 	0.000 	0.000 	
0.000 	0.000 	0.000 	0.000 	0.000 	-254.980 	687.360 	-301.340 	0.000 	
0.000 	0.000 	0.000 	0.000 	0.000 	0.000 	-301.340 	801.920 	-347.700 	
0.000 	0.000 	0.000 	0.000 	0.000 	0.000 	0.000 	-347.700 	479.420 	

-3580.904582151792	-21522.866681808126	-43219.262365811315	-65247.542419791	-87759.0184905071	-110891.05957807088	-134762.6498838186	-159470.66948771448	-145795.9027652539	

994.1569273343952	995.7887924457121	999.5706040431556	1005.6531648479817	1013.9597206123549	1024.3533762566567	1036.6549432410043	1050.6499901254215	1066.0942479074417	

Time: 1800.0
26.820 	-23.180 	0.000 	0.000 	0.000 	0.000 	0.000 	0.000 	0.000 	
-23.180 	114.560 	-69.540 	0.000 	0.000 	0.000 	0.000 	0.000 	0.000 	
0.000 	-69.540 	229.120 	-115.900 	0.000 	0.000 	0.000 	0.000 	0.000 	
0.000 	0.000 	-115.900 	343.680 	-162.260 	0.000 	0.000 	0.000 	0.000 	
0.000 	0.000 	0.000 	-162.260 	458.240 	-208.620 	0.000 	0.000 	0.000 	
0.000 	0.000 	0.000 	0.000 	-208.620 	572.800 	-254.980 	0.000 	0.000 	
0.000 	0.000 	0.000 	0.000 	0.000 	-254.980 	687.360 	-301.340 	0.000 	
0.000 	0.000 	0.000 	0.000 	0.000 	0.000 	-301.340 	801.920 	-347.700 	
0.000 	0.000 	0.000 	0.000 	0.000 	0.000 	0.000 	-347.700 	479.420 	

-3621.7012099347185	-21765.705923833484	-43695.9465966063	-65940.86957795307	-88643.94375170972	-111935.41797879856	-135928.10920055836	-160713.87591853668	-146431.7821974392	

1004.8261621711431	1006.3734451867803	1009.9592395403603	1015.7265313942344	1023.602544489639	1033.4574789147389	1045.121433493349	1058.3910909661797	1073.0348431986622	

